0.9048774790958102
0.7847041900690878
0.8269676177123618
0.8435835499690925
0.8051929447125231
0.8009693291943323
0.768474939987957
0.7409139989940703
0.6628141134012403
0.6791747746219657
0.6092064832225446
0.7359746849555009
0.8135341052981558
0.8247829131775042
0.7816442390803909
0.7860058514223064
0.6854225858184876
0.7571408854650188
0.7705290942553108
0.8293249054676122
0.8493335512921801
0.7160108472741491
0.7103259913863779
0.7676085782892289
0.8370086115374262
0.7900037083950072
0.8269373223973919
0.7297918567228064
0.845109285677639
0.802135109704883
0.8304164042180747
0.7240344983277872
