0.9587760607427279
0.9014784602246602
0.8802903872422723
0.8096396002370584
0.820089850340097
0.7500154373373068
0.7030068226347598
0.850415287018924
0.8546028640628947
0.8521461444008263
0.8171321785430846
0.8141722897909924
0.8075310387391397
0.7724367062791515
0.7539418047039886
0.7674392765509733
0.7684645164834868
0.8201096417185842
0.8079234778755848
0.8126858996892702
0.8994297803167194
0.9057722346529348
0.8403763829743437
0.8684493151473085
0.832064489872959
0.7431466305286646
0.7400699528721836
0.769416348224098
0.8531647762601141
0.8180630364121726
0.8142697750779174
0.8240651436957721
0.7038059513747145
0.7192645296860335
0.7111726980508178
0.7033124922027832
0.6834340993455852
0.6617916861500196
0.7678674962656518
0.7834938681882097
0.7170835317727409
0.7264105472213525
0.6396379435604822
0.7235201149302579
0.7464787686264391
0.8257568559832714
0.7400420482479831
0.8266996728997729
0.6952740850578691
